Started job 0003 (13 LEFT CAP 42) at 2021-02-03 23:39:50.829529
[[1 1 0 ... 0 0 0]
 [1 0 1 ... 0 0 0]
 [1 0 0 ... 0 0 0]
 ...
 [0 0 0 ... 1 1 1]
 [0 0 0 ... 1 0 0]
 [0 0 0 ... 0 1 0]]
[[(3, 42)], [(12, 38), (11, 39), (12, 39), (12, 40)], [(10, 38), (9, 39), (10, 39), (10, 40)], [(0, 0), (1, 1), (1, 0), (2, 0)], [(0, 3), (1, 2), (0, 2), (0, 1)], [(8, 40), (7, 39), (7, 40), (6, 40)], [(10, 0), (11, 1), (11, 0), (12, 0)], [(12, 1), (11, 2), (12, 2), (12, 3)], [(0, 41), (1, 42), (1, 41), (2, 41)], [(2, 40), (1, 39), (1, 40), (0, 40)], [(0, 39), (1, 38), (0, 38), (0, 37)], [(3, 41), (4, 40), (3, 40), (3, 39)], [(2, 39), (3, 38), (2, 38), (2, 37)], [(0, 36), (1, 37), (1, 36), (2, 36)], [(0, 35), (1, 34), (0, 34), (0, 33)], [(3, 35), (2, 34), (2, 35), (1, 35)], [(5, 36), (4, 35), (4, 36), (3, 36)], [(3, 37), (4, 38), (4, 37), (5, 37)], [(4, 39), (5, 40), (5, 39), (6, 39)], [(7, 38), (6, 37), (6, 38), (5, 38)], [(8, 39), (9, 38), (8, 38), (8, 37)], [(7, 35), (6, 36), (7, 36), (7, 37)], [(5, 33), (4, 34), (5, 34), (5, 35)], [(6, 35), (7, 34), (6, 34), (6, 33)], [(2, 33), (3, 34), (3, 33), (4, 33)], [(0, 32), (1, 33), (1, 32), (2, 32)], [(2, 31), (1, 30), (1, 31), (0, 31)], [(0, 30), (1, 29), (0, 29), (0, 28)], [(3, 32), (4, 31), (3, 31), (3, 30)], [(2, 30), (3, 29), (2, 29), (2, 28)], [(6, 32), (5, 31), (5, 32), (4, 32)], [(4, 30), (5, 29), (4, 29), (4, 28)], [(0, 27), (1, 28), (1, 27), (2, 27)], [(3, 28), (4, 27), (3, 27), (3, 26)], [(2, 26), (1, 25), (1, 26), (0, 26)], [(0, 25), (1, 24), (0, 24), (0, 23)], [(2, 25), (3, 24), (2, 24), (2, 23)], [(0, 22), (1, 23), (1, 22), (2, 22)], [(0, 21), (1, 20), (0, 20), (0, 19)], [(3, 21), (2, 20), (2, 21), (1, 21)], [(5, 22), (4, 21), (4, 22), (3, 22)], [(3, 23), (4, 24), (4, 23), (5, 23)], [(3, 25), (4, 26), (4, 25), (5, 25)], [(5, 24), (6, 25), (6, 24), (7, 24)], [(5, 28), (6, 27), (5, 27), (5, 26)], [(6, 23), (7, 22), (6, 22), (6, 21)], [(4, 20), (5, 21), (5, 20), (6, 20)], [(2, 19), (3, 20), (3, 19), (4, 19)], [(0, 18), (1, 19), (1, 18), (2, 18)], [(2, 17), (1, 16), (1, 17), (0, 17)], [(0, 16), (1, 15), (0, 15), (0, 14)], [(3, 18), (4, 17), (3, 17), (3, 16)], [(2, 16), (3, 15), (2, 15), (2, 14)], [(0, 13), (1, 14), (1, 13), (2, 13)], [(0, 12), (1, 11), (0, 11), (0, 10)], [(3, 12), (2, 11), (2, 12), (1, 12)], [(5, 13), (4, 12), (4, 13), (3, 13)], [(3, 14), (4, 15), (4, 14), (5, 14)], [(6, 16), (5, 15), (5, 16), (4, 16)], [(5, 17), (4, 18), (5, 18), (5, 19)], [(7, 30), (6, 29), (6, 30), (5, 30)], [(6, 31), (7, 32), (7, 31), (8, 31)], [(8, 26), (7, 25), (7, 26), (6, 26)], [(7, 27), (6, 28), (7, 28), (7, 29)], [(8, 22), (7, 23), (8, 23), (8, 24)], [(7, 21), (8, 20), (7, 20), (7, 19)], [(6, 19), (7, 18), (6, 18), (6, 17)], [(8, 32), (7, 33), (8, 33), (8, 34)], [(9, 20), (8, 21), (9, 21), (9, 22)], [(10, 19), (9, 18), (9, 19), (8, 19)], [(8, 16), (7, 17), (8, 17), (8, 18)], [(7, 14), (6, 15), (7, 15), (7, 16)], [(6, 14), (7, 13), (6, 13), (6, 12)], [(4, 11), (5, 12), (5, 11), (6, 11)], [(2, 10), (3, 11), (3, 10), (4, 10)], [(0, 9), (1, 10), (1, 9), (2, 9)], [(0, 8), (1, 7), (0, 7), (0, 6)], [(3, 8), (2, 7), (2, 8), (1, 8)], [(5, 9), (4, 8), (4, 9), (3, 9)], [(7, 10), (6, 9), (6, 10), (5, 10)], [(2, 4), (1, 3), (1, 4), (0, 4)], [(0, 5), (1, 6), (1, 5), (2, 5)], [(3, 5), (2, 6), (3, 6), (3, 7)], [(9, 11), (8, 10), (8, 11), (7, 11)], [(7, 12), (8, 13), (8, 12), (9, 12)], [(10, 14), (9, 13), (9, 14), (8, 14)], [(8, 15), (9, 16), (9, 15), (10, 15)], [(9, 24), (8, 25), (9, 25), (9, 26)], [(8, 29), (9, 28), (8, 28), (8, 27)], [(9, 29), (8, 30), (9, 30), (9, 31)], [(10, 35), (9, 34), (9, 35), (8, 35)], [(8, 36), (9, 37), (9, 36), (10, 36)], [(9, 17), (10, 18), (10, 17), (11, 17)], [(12, 16), (11, 15), (11, 16), (10, 16)]]
+-+-+-+-+-+-+-+-+-+-+-+-+-+
|     | | | | | | | |     |
+-+ +-+-+-+-+-+-+-+-+-+ +-+
| | | | | | | | | | | | | |
+ +-+-+-+-+-+-+-+-+-+-+-+ +
|   | | | | | | | | | |   |
+ +-+-+-+-+-+-+-+-+-+-+-+ +
| | | | | | | | | | | | | |
+-+ +-+-+-+-+-+-+-+-+-+-+-+
|     | | | | | | | | | | |
+-+-+-+-+-+-+-+-+-+-+-+-+-+
|     | | | | | | | | | | |
+-+ +-+ +-+-+-+-+-+-+-+-+-+
| | |   | | | | | | | | | |
+ +-+-+ +-+-+-+-+-+-+-+-+-+
|   | | | | | | | | | | | |
+ +-+ +-+-+-+-+-+-+-+-+-+-+
| |     | | | | | | | | | |
+-+-+-+-+ +-+-+-+-+-+-+-+-+
|     |     | | | | | | | |
+-+ +-+-+-+-+ +-+-+-+-+-+-+
| | |     |     | | | | | |
+ +-+-+ +-+-+-+-+ +-+-+-+-+
|   | | |     |     | | | |
+ +-+ +-+-+ +-+-+-+-+-+-+-+
| |     | | | |     | | | |
+-+-+-+-+ +-+ +-+ +-+-+-+-+
|     |     |   | | | | | |
+-+ +-+-+-+-+ +-+-+ +-+-+-+
| | | |     | | |     | | |
+ +-+ +-+ +-+-+ +-+-+-+-+-+
|   |   | | |   |     | | |
+ +-+ +-+-+ +-+ +-+ +-+ +-+
| | | | |     | | | |     |
+-+ +-+ +-+-+-+-+ +-+-+-+-+
|     |   | | |   |     | |
+-+-+-+ +-+ + +-+ +-+ +-+-+
|     | |   |   | | | | | |
+-+ +-+-+-+ + +-+-+ +-+-+-+
| | |     | | | |     | | |
+ +-+-+ +-+-+-+ +-+-+-+-+-+
|   | | |     |   | | | | |
+ +-+ +-+-+ +-+ +-+ +-+-+-+
| |     | | | | |   | | | |
+-+-+-+-+ +-+ +-+-+ +-+-+-+
|     |     |   | | | | | |
+-+ +-+-+-+-+ +-+ +-+-+-+-+
| | | |     | |   | | | | |
+ +-+ +-+ +-+-+-+ +-+-+-+-+
|   |   | |     | | | | | |
+ +-+ +-+-+-+ +-+-+ +-+-+-+
| | | |     | | |   | | | |
+-+ +-+-+ +-+-+ +-+ +-+-+-+
|     | | | |     | | | | |
+-+-+-+ +-+ +-+-+-+-+-+-+-+
|     |   |   | | | | | | |
+-+ +-+ +-+ +-+ + +-+-+-+-+
| | | | | | |   |   | | | |
+ +-+ +-+ +-+-+ + +-+-+-+-+
|   |   |   | | | | | | | |
+ +-+ +-+ +-+ +-+-+ +-+-+-+
| | | | | |     |   | | | |
+-+ +-+ +-+-+-+-+-+ +-+-+-+
|     |   | |     | | | | |
+-+-+-+ +-+ +-+ +-+-+-+-+-+
|     | |     | | | | | | |
+-+ +-+-+-+-+-+-+ +-+-+-+-+
| | |     | | |   | | | | |
+ +-+-+ +-+ + +-+ +-+-+-+-+
|   | | |   |   | | | | | |
+ +-+ +-+-+ + +-+-+ +-+-+-+
| |     | | | | |     | | |
+-+-+-+-+ +-+-+ +-+-+-+-+-+
|     |     |   |     | | |
+-+ +-+-+-+-+-+ +-+ +-+-+-+
| | | |     | | | | | | | |
+ +-+ +-+ +-+ +-+ +-+-+-+-+
|   |   | |     |   | | | |
+ +-+ +-+-+-+-+-+ +-+ +-+ +
| | | | |     | | |   |   |
+-+ +-+ +-+ +-+ +-+-+ +-+ +
|     |   | |     | | | | |
+-+-+-+ +-+-+-+-+-+ +-+ +-+
|     | |
+-+ +-+-+ + + + + + + + + +
  | | | |
+ +-+ +-+ + + + + + + + + +
